C001A5026A00493322  5026A00493322  2024-10-282024-10-2874447042665536      2024-11-0730500525327    2024-12-02                                        28060704,53    34916495,85    ARS        1279300
AMARATHON  SRL. AV. SARMIENTO 278 TUCUMAN 4000
D025634              200       6,000     PAA29358,29            21.137,97 7797023720857
D025634              210       6,000     PAA29358,29            21.137,97 7797023720864
D025634              220       6,000     PAA29358,29            21.137,97 7797023720871
D025634              230       12,000    PAA29358,29            42.275,94 7797023720888
D025634              240       12,000    PAA29358,29            42.275,94 7797023720895
D025635              200       6,000     PAA29358,29            21.137,97 7797023720901
D025635              210       6,000     PAA29358,29            21.137,97 7797023720918
D025635              220       6,000     PAA29358,29            21.137,97 7797023720925
D025635              230       12,000    PAA29358,29            42.275,94 7797023720932
D025635              240       12,000    PAA29358,29            42.275,94 7797023720949
D025810              360       10,000    PAA39839,57            47.807,48 7797023769061
D025810              390       10,000    PAA39839,57            47.807,48 7797023769092
D025810              400       20,000    PAA39839,57            95.614,97 7797023769108
D025810              410       20,000    PAA39839,57            95.614,97 7797023769115
D025810              420       20,000    PAA39839,57            95.614,97 7797023769122
D025810              430       10,000    PAA39839,57            47.807,48 7797023769139
D025810              440       10,000    PAA39839,57            47.807,48 7797023769146
D025810              450       10,000    PAA39839,57            47.807,48 7797023769153
D025810              460       10,000    PAA39839,57            47.807,48 7797023769160
D025820              200       6,000     PAA29358,29            21.137,97 7797023770005
D025820              210       6,000     PAA29358,29            21.137,97 7797023770012
D025820              220       6,000     PAA29358,29            21.137,97 7797023770029
D025820              230       12,000    PAA29358,29            42.275,94 7797023770036
D025820              240       12,000    PAA29358,29            42.275,94 7797023770043
D025823              360       20,000    PAA47058,82           112.941,17 7797023770210
D025823              370       8,000     PAA47058,82            45.176,47 7797023770227
D025823              390       20,000    PAA47058,82           112.941,17 7797023770241
D025823              400       40,000    PAA47058,82           225.882,34 7797023770258
D025823              410       40,000    PAA47058,82           225.882,34 7797023770265
D025823              420       40,000    PAA47058,82           225.882,34 7797023770272
D025823              430       20,000    PAA47058,82           112.941,17 7797023770289
D025823              440       20,000    PAA47058,82           112.941,17 7797023770296
D025823              450       20,000    PAA47058,82           112.941,17 7797023770302
D025823              460       20,000    PAA47058,82           112.941,17 7797023770319
D025825              350       14,000    PAA39839,57            66.930,48 7797023756641
D025825              360       14,000    PAA39839,57            66.930,48 7797023756634
D025825              370       20,000    PAA39839,57            95.614,97 7797023756627
D025825              380       20,000    PAA39839,57            95.614,97 7797023756610
D025825              390       14,000    PAA39839,57            66.930,48 7797023756603
D025825              400       14,000    PAA39839,57            66.930,48 7797023756597
D025825              410       26,000    PAA39839,57           124.299,46 7797023756580
D025825              420       20,000    PAA39839,57            95.614,97 7797023756573
D025825              430       12,000    PAA39839,57            57.368,98 7797023756566
D025825              440       12,000    PAA39839,57            57.368,98 7797023756559
D025825              450       12,000    PAA39839,57            57.368,98 7797023756542
D025825              460       12,000    PAA39839,57            57.368,98 7797023756535
D026230              350       8,000     PAA44331,55            42.558,29 7797023722608
D026230              360       6,000     PAA44331,55            31.918,72 7797023722615
D026230              370       40,000    PAA44331,55           212.791,44 7797023722622
D026230              380       34,000    PAA44331,55           180.872,72 7797023722639
D026230              390       6,000     PAA44331,55            31.918,72 7797023722646
TJ1AXIVA                                               5892747,98
TJ1X8IIBB Tucumán SD                                   701517,60
TJ1Y4IIBB Salta 2                                      261525,74
C001A5026A00493323  5026A00493323  2024-10-282024-10-2874447042700865      2024-11-0730500525327    2024-12-02                                        30457601,27    37899002,41    ARS        1279300
AMARATHON  SRL. AV. SARMIENTO 278 TUCUMAN 4000
D025811              360       4,000     PAA39839,57            19.122,99 7797023769184
D025811              400       12,000    PAA39839,57            57.368,98 7797023769221
D025811              410       12,000    PAA39839,57            57.368,98 7797023769238
D025811              420       12,000    PAA39839,57            57.368,98 7797023769245
D025811              430       8,000     PAA39839,57            38.245,99 7797023769252
D025811              440       8,000     PAA39839,57            38.245,99 7797023769269
D025811              450       8,000     PAA39839,57            38.245,99 7797023769276
D025811              460       8,000     PAA39839,57            38.245,99 7797023769283
D026226              350       4,000     PAA44331,55            21.279,14 7797023613067
D026226              360       10,000    PAA44331,55            53.197,86 7797023613074
D026226              370       20,000    PAA44331,55           106.395,72 7797023613081
D026226              380       20,000    PAA44331,55           106.395,72 7797023613098
D026226              390       10,000    PAA44331,55            53.197,86 7797023613104
D026226              400       10,000    PAA44331,55            53.197,86 7797023613111
D026229              350       4,000     PAA44331,55            21.279,14 7797023652745
D026229              360       4,000     PAA44331,55            21.279,14 7797023652752
D026229              370       8,000     PAA44331,55            42.558,29 7797023652769
D026229              380       8,000     PAA44331,55            42.558,29 7797023652776
D026229              390       4,000     PAA44331,55            21.279,14 7797023652783
D026229              400       4,000     PAA44331,55            21.279,14 7797023652790
D026569              350       6,000     PAA49786,10            35.845,99 7797023744907
D026569              400       10,000    PAA49786,10            59.743,32 7797023744952
D026570              400       10,000    PAA49786,10            59.743,32 7797023745065
D029682              360       16,000    PAA39037,43            74.951,87 7797023725432
D029682              380       10,000    PAA39037,43            46.844,92 7797023725456
D029682              390       10,000    PAA39037,43            46.844,92 7797023725463
D029682              400       10,000    PAA39037,43            46.844,92 7797023725470
D050173              380       10,000    PAA48074,87            57.689,84 7797023770579
D050173              390       20,000    PAA48074,87           115.379,69 7797023770586
D050173              400       26,000    PAA48074,87           149.993,59 7797023770593
D050173              410       40,000    PAA48074,87           230.759,38 7797023770609
D050173              420       40,000    PAA48074,87           230.759,38 7797023770616
D050173              430       20,000    PAA48074,87           115.379,69 7797023770623
D050173              440       20,000    PAA48074,87           115.379,69 7797023770630
D050173              450       20,000    PAA48074,87           115.379,69 7797023770647
D050242              390       20,000    PAA48074,87           115.379,69 7797023802379
D050242              410       40,000    PAA48074,87           230.759,38 7797023802393
D050242              420       40,000    PAA48074,87           230.759,38 7797023802409
D050242              430       20,000    PAA48074,87           115.379,69 7797023802416
D050242              440       20,000    PAA48074,87           115.379,69 7797023802423
D050242              450       20,000    PAA48074,87           115.379,69 7797023802430
D089600              350       16,000    PAA33422,46            64.171,12 7797025377677
D089600              360       16,000    PAA33422,46            64.171,12 7797025377684
D089769              390       12,000    PAA48074,87            69.227,81 7797023697296
D089769              400       24,000    PAA48074,87           138.455,63 7797023697302
D089769              410       24,000    PAA48074,87           138.455,63 7797023697319
D089769              420       24,000    PAA48074,87           138.455,63 7797023697326
D089769              430       12,000    PAA48074,87            69.227,81 7797023697333
D089769              440       12,000    PAA48074,87            69.227,81 7797023697340
D089769              450       12,000    PAA48074,87            69.227,81 7797023697357
TJ1AXIVA                                               6396096,23
TJ1X8IIBB Tucumán SD                                   761440,04
TJ1Y4IIBB Salta 2                                      283864,87
C001A5026A00493324  5026A00493324  2024-10-282024-10-2874447042734892      2024-11-0730500525327    2024-12-02                                        1832658,85     2280414,06     ARS        1279300
AMARATHON  SRL. AV. SARMIENTO 278 TUCUMAN 4000
D025461              320       16,000    PAA27379,68            52.568,99 7797025897908
D025462              320       20,000    PAA27379,68            65.711,23 7797025898004
D025462              330       18,000    PAA27379,68            59.140,11 7797025898011
D026024              260       16,000    PAA37754,01            72.487,70 7797023689758
TJ1AXIVA                                               384858,37
TJ1X8IIBB Tucumán SD                                   45816,47
TJ1Y4IIBB Salta 2                                      17080,37
C001A5026A00493325  5026A00493325  2024-10-282024-10-2874447042746643      2024-11-0730500525327    2024-12-02                                        411670,55      512249,90      ARS        1279300
AMARATHON  SRL. AV. SARMIENTO 278 TUCUMAN 4000
D025824              350       4,000     PAA42085,56            20.201,07 7797023770326
D030666              340       10,000    PAA29946,52            35.935,82 7797023727061
TJ1AXIVA                                               86450,82
TJ1X8IIBB Tucumán SD                                   10291,76
TJ1Y4IIBB Salta 2                                      3836,77
C001A5026A00493326  5026A00493326  2024-10-282024-10-2874447042758347      2024-11-0730500525327    2024-12-02                                        366494,09      456035,92      ARS        1279300
AMARATHON  SRL. AV. SARMIENTO 278 TUCUMAN 4000
D026325              330       12,000    PAA34705,88            49.976,47 7797023742262
TJ1AXIVA                                               76963,76
TJ1X8IIBB Tucumán SD                                   9162,35
TJ1Y4IIBB Salta 2                                      3415,72
C001A5026A00493327  5026A00493327  2024-10-282024-10-2874447042767991      2024-11-0730500525327    2024-12-02                                        282352,93      351337,40      ARS        1279300
AMARATHON  SRL. AV. SARMIENTO 278 TUCUMAN 4000
D029870              360       8,000     PAA40106,95            38.502,67 7797023572500
TJ1AXIVA                                               59294,12
TJ1X8IIBB Tucumán SD                                   7058,82
TJ1Y4IIBB Salta 2                                      2631,53
C001A5026A00493328  5026A00493328  2024-10-282024-10-2874447042778929      2024-11-0730500525327    2024-12-02                                        236047,05      293718,07      ARS        1279300
AMARATHON  SRL. AV. SARMIENTO 278 TUCUMAN 4000
D025752              380       8,000     PAA33529,41            32.188,23 7797023689222
TJ1AXIVA                                               49569,88
TJ1X8IIBB Tucumán SD                                   5901,18
TJ1Y4IIBB Salta 2                                      2199,96
